version:2
0
Kolzz
&N&+GJ&N&+gu&N&+Wb&N&+ri&N&+Wl&N&+ge&N&+Gx&N&+L and &N&+YFr&N&+Mien&N&+Yds&N
0
22441 1240283589
3 1
3 1
1 1
3 1
97
0 1410
4 0
9 485
12 0
0 -1
-1 0
-1 -1 -1 -1 -1
0 -1
-1 0
-1 -1 -1 -1 -1
0 -1
-1 0
-1 -1 -1 -1 -1
0 -1
-1 0
-1 -1 -1 -1 -1
0 -1
-1 0
-1 -1 -1 -1 -1
0 -1
-1 0
-1 -1 -1 -1 -1
0 -1
-1 0
-1 -1 -1 -1 -1
0 -1
-1 0
-1 -1 -1 -1 -1
0 -1
-1 0
-1 -1 -1 -1 -1
0 -1
-1 0
-1 -1 -1 -1 -1
0 -1
-1 0
-1 -1 -1 -1 -1
0 -1
-1 0
-1 -1 -1 -1 -1
0 -1
-1 0
-1 -1 -1 -1 -1
0 -1
-1 0
-1 -1 -1 -1 -1
